7
2
5
12
ON
Connections:
1: 2 3
2: 1 4 5
3: 1 5
4: 2 6
5: 2 3 6
6: 4 5
7: 3 4
37
A EV 4 103 2 1 2 1
A NC 1 101 1 1 3
A PT 1 102 3 1 4
A PT 2 104 3 1 5
A FV 3 105 4 1 6
A NC 3 106 3 2 3
ACC 4 2 1 3
A PT 4 107 5 1 4
A NC 4 108 1 1 2
A PT 5 109 3 2 5
A FV 5 110 6 1 7
RC 5 5 4
A NC 6 111 3 1 3
A EV 6 112 4 2 2 1
P 6 102
A PT 7 113 5 2 4
A NC 7 114 2 1 3
X 7 106
A FV 8 115 1 2 6
A PT 8 116 3 1 4
ACC 8 5 2 2
A NC 9 117 6 1 5
P 9 109
X 9 105
A PT 10 118 2 2 5
A EV 10 119 3 2 2 2
RC 10 3 3
A NC 11 120 4 1 4
P 11 107
X 11 101
A FV 12 121 5 1 6
A PT 12 122 1 2 5
A EV 13 123 2 1 2
A NC 13 124 6 2 3
ACC 13 1 1 2
P 14 116
X 14 113